0.752677887 0.5014435722929029 0.02327065116579723 0.0019472255628188646 0.8648751522116124
25.824433869 0.4044806118882999 -0.019203333238947136 0.007353485765453223 0.9143153683746531
25.897933452 0.3983196747926323 -0.0436570165419713 0.018327136925283163 0.9160238084416079
25.937844162 0.4060992801021506 -0.060038428432863424 0.024035605927579317 0.911537740008345
25.971199735 0.41094740236919536 -0.05302595072734453 0.022424116638938174 0.9098393484722648
26.004610259 0.40968966344416635 -0.06222787384895668 0.026676178451042067 0.9097089935174283
26.038064416 0.4052178756282984 -0.06004722598623817 0.025247798677895384 0.9118965690167756
26.077887404 0.40238001786745814 -0.05878320483250864 0.02484137457076296 0.9132457293412537
26.111296109 0.40071966107416385 -0.060104792050292295 0.025001993365346215 0.91388515007574
26.14465991 0.40002642058153615 -0.05785093696523309 0.02402514483049273 0.9143603908442461
26.178099861 0.39929477459454044 -0.057247371909738026 0.02370218810986068 0.9147265316310269
26.218006534 0.39592077215767296 -0.05910142357447336 0.024000578101308977 0.916066447456922
26.258174622 0.3914227776785776 -0.06137418865489941 0.024358413852926662 0.9178388125133461
26.297970237 0.3855702178436289 -0.06842624749883933 0.02654238434945672 0.9197548355938607
26.331391866 0.37864028600252797 -0.07377439499650759 0.027719254342318013 0.9221824740242731
26.364852852 0.36916508135424514 -0.08236062699653302 0.030084141809927266 0.9252182522199894
26.398257869 0.35781284168321736 -0.09010595648555406 0.031602689105865805 0.9288983566427934
26.438065898 0.3423988381374929 -0.094062894882146 0.031306837908086714 0.9343099535746594
26.471630757 0.3284589912585138 -0.100292321321941 0.03340331127965669 0.9385842317772286
26.511411364 0.30648004432504633 -0.10372794354937309 0.02920252880446784 0.9457577430129557
26.544782875 0.2877371342097568 -0.10816547583833148 0.03136957635674919 0.9510644148072316
26.578234048 0.27056379547459847 -0.11476815782525768 0.028758032907769022 0.9554038298390122
26.618249467 0.24702723299386736 -0.11930861794076049 0.029647629255281208 0.9611784526943998
26.65819223 0.22474004532143046 -0.12747277314000643 0.02684990433599021 0.9656716247120788
26.691595323 0.20478718291793538 -0.1354562932082495 0.026679200858173283 0.9690211672530101
26.731533578 0.18464779929792222 -0.14656507828977644 0.02557516004343661 0.9714781414057131
26.764973543 0.16962745445697788 -0.15571367025164942 0.024602979225598506 0.9728178005178726
26.804876967 0.15668079501547813 -0.165082270044186 0.021902446350445876 0.9735087341335167
26.838271933 0.14948108929914852 -0.17336450566714282 0.023865026107513124 0.973154978739571
26.878294766 0.14670414846347568 -0.17732779299413426 0.022900647578824766 0.9728865848576116
26.918471623 0.16793725762402759 -0.1556833711631501 0.024272873455547277 0.9731241406209225
26.958307164 0.18634764447388283 -0.14828721348713966 0.02716398992035998 0.9708488941987118
26.991752292 0.19135093840176348 -0.1409333380258021 0.02560205317865002 0.9710134641078398
27.031645647 0.19548121140962427 -0.13017912492072262 0.024075762752732745 0.9717308521749091
27.065002019 0.2030810496528304 -0.11954184165675422 0.022601603668929358 0.9715744968229708
27.098378842 0.21533477553100352 -0.10884752288991607 0.02217154034270757 0.9702018212756423
27.138566887 0.2309530705457854 -0.10363395684749488 0.023384977600967825 0.9671472612876528
27.178444982 0.2610574165126007 -0.07534989163557612 0.01975464577855268 0.9621752299266685
27.211783938 0.28189139816589925 -0.06455159511978166 0.01934054677327865 0.9570769428097602
27.251917112 0.30344756555078894 -0.05920441836657583 0.018158406704229697 0.9508336784491486
27.285291209 0.3197638072317074 -0.052305763630237506 0.0190128093844623 0.9458613681481295
27.325135927 0.34050741054630956 -0.04356369533756827 0.01739493407681777 0.9390709899044084
27.358476022 0.36074398179533307 -0.043177686734943606 0.017975353795504252 0.9314914672838361
27.391868412 0.3787823021316463 -0.03624523535416737 0.01568693148279716 0.9246427259685901
27.42522498 0.3984670274873839 -0.04007924788396457 0.017989448735969783 0.9161299370878566
27.465429627 0.4195406147954505 -0.03692008972117208 0.01825845120939563 0.9068016367825271
27.505361927 0.4428245058408616 -0.03847256797862454 0.01988862267960126 0.8955617015191278
27.538757471 0.46230490758180315 -0.03792234735216942 0.02220157131743785 0.8856315025043535
27.578597084 0.4838649748930099 -0.04076880357753215 0.02443333342290202 0.8738510187351668
27.612003127 0.5029620477890874 -0.04332278759451557 0.027400941729415852 0.8627870553915313
27.645609807 0.5164711925243503 -0.04852694340232439 0.03269867674780466 0.8543028968670572
27.685514463 0.5346476087719997 -0.052552062589177925 0.03330828442595869 0.8427815691747212
27.725445945 0.5483503022201482 -0.05677974866673668 0.04052650103918396 0.833334032012335
27.758780308 0.5604878399036811 -0.058961518326285545 0.04247728364422499 0.824968242449958
27.798875869 0.571417869922125 -0.06320457473969693 0.046910106558344385 0.8168759034078068
27.83230702 0.5793812677133586 -0.06757245519538539 0.048605247049575986 0.8107951898482002
27.87214098 0.5939104023850323 -0.06534585789781365 0.0508035152165781 0.800262054352252
27.912176896 0.5854053622748845 -0.0647026264982299 0.04940118779555409 0.806643449479651
27.945738619 0.5484893523181781 -0.06296952524452691 0.04326309904847135 0.8326599387173533
27.985561072 0.5023457335699482 -0.06007586355282575 0.036143248490428076 0.861819772441438
28.025565824 0.48265743343532164 -0.05297786338571968 0.02931557823091408 0.873713765951813
28.058924678 0.47321784897275215 -0.04940209718149981 0.027201154723416898 0.87913844040025
28.098993169 0.454826580318603 -0.04068404964729429 0.020584409203952665 0.8894120934851888
28.138865086 0.43209180787629975 -0.03808694033648821 0.018506465746383264 0.9008349267582678
28.172422693 0.4146567620523134 -0.028721650974283558 0.012880152825570333 0.9094333060278761
28.212409768 0.4165125396419987 -0.04340323269539244 0.021428768549504835 0.9078404439057637
28.245832927 0.4084996986948947 -0.04176063927302493 0.019259226597509577 0.9115992142189211
28.285655953 0.3837377360348871 -0.04162778955717806 0.01723239944012399 0.9223424101107672
28.319103435 0.34663020129947947 -0.05575000855977064 0.020189405315549035 0.9361259680222915
28.359132216 0.3215898402058671 -0.06694038194132015 0.02121937972090072 0.9442715170257839
28.39893612 0.3191246191429412 -0.0856146732825442 0.02549929462302405 0.9434931855341215
28.432387406 0.311282249380152 -0.10399925402143416 0.03281288350827445 0.9440396342631439
28.472413896 0.3027637644227617 -0.1442911954492042 0.042430382176946085 0.9411236988497933
28.512438655 0.2792311437803485 -0.19292151186743026 0.0530538305086665 0.9391467136024387
28.552487544 0.25399677541556676 -0.2227387876177815 0.054100275930032804 0.9396521860312725
28.586039756 0.2565817998246983 -0.24347813752778957 0.06245154897650981 0.9332652252040423
28.625817307 0.29769257489780704 -0.2354296157143852 0.072967502762912 0.9222948392113202
28.65918369 0.31398004396575024 -0.23344648938751542 0.07823336000621821 0.9169508219997666
28.692535692 0.31150059834170446 -0.23627797301834827 0.07734464473301211 0.9171466091254031
28.725869117 0.30290876772937103 -0.22655739560738158 0.07226151040671558 0.922873934533864
28.765799969 0.30123134447545497 -0.187413394701377 0.05712519180985434 0.9332055556267885
28.799252042 0.3041879950337558 -0.1657474708904943 0.05170527857763309 0.9366557551939549
28.83281661 0.31099686973283364 -0.12893354694262157 0.03941615610368397 0.9407993697527565
28.872692948 0.315227209620526 -0.12035272852321002 0.037414039040739464 0.9406100237263759
28.912720524 0.3154260116678618 -0.10679714618271541 0.032446845303020014 0.9423629889593582
28.952760607 0.31613276095486886 -0.1045108304959943 0.03200331651551979 0.9423976610179468
28.992661348 0.3156462155986657 -0.10589643353602368 0.03231755011857671 0.9423953458591169
29.032576927 0.314815368087299 -0.10450510154105064 0.031801552430673785 0.9428460261521774
29.066041179 0.3148639043329818 -0.10515409891927241 0.03220150564769405 0.9427440799404091
29.105976656 0.3148248942489635 -0.10505843638464234 0.032002530546273285 0.9427745483116193
29.139375245 0.31452325985513124 -0.10510777300723144 0.032002366662525275 0.942869727794651
29.172731973 0.3148245305089792 -0.10500818203126688 0.03220250915625518 0.9427734590559551
29.206294979 0.31525741283153325 -0.10510685476651474 0.032002087084000694 0.9426246226139687
29.246181549 0.3146354063412599 -0.10531185088281841 0.03210361266228367 0.9428060952253837
29.279588728 0.31492782510257605 -0.10460924263489824 0.032202845247071926 0.9427832985843075
29.319473832 0.3292795253786904 -0.05527650227395744 0.01743693655655526 0.9424518320350724
29.359443762 0.3567154861057565 -0.023190959454469157 0.008381725248960104 0.9338875671373755
29.392987327 0.360946593189094 -0.04470723120881977 0.014463611798745599 0.9314019670778901
29.432980661 0.34577297778749766 -0.11129112511418768 0.03910734338753012 0.9308737556704211
29.472866367 0.3310136170867147 -0.13852117797464425 0.046104784748342106 0.932264027719077
29.50637431 0.32634270221054634 -0.15144298392210845 0.0499821024659049 0.9317012679865658
29.546290163 0.32651364207192 -0.17929210883548183 0.05979575993220456 0.9261034760459471
29.586258229 0.3207882708899325 -0.2109358301925009 0.07033174620624963 0.920681490134361
29.626251253 0.3173645078894013 -0.22428208807123948 0.07354740778710415 0.9184596305283756
29.659858131 0.3149299011405167 -0.2271949905143246 0.07391106915404334 0.9185525284431624
29.699635647 0.3159754663811358 -0.2325000272672274 0.07614490269132208 0.9166816218077525
29.733141129 0.31843723826828896 -0.22883963567773133 0.07558358435495449 0.91679728850112
29.773035006 0.32315472577674303 -0.1966484277758075 0.06518853581097142 0.9233909647924237
29.806553861 0.3255257062845889 -0.18414720918973623 0.0617048727427316 0.925373075346022
29.846479871 0.324835280905318 -0.15337750844106096 0.0502745022225885 0.9318958389272088
29.886403411 0.3248880692958557 -0.12357078512198329 0.04067624659138025 0.9367622144689576
29.926389194 0.3264593571862328 -0.08671084772300566 0.028153929331478582 0.9408043756572922
29.959840492 0.3283675311496364 -0.05622802944971049 0.01805900866458588 0.9427019918282487
29.999770493 0.3307567180131652 -0.010821135472014803 0.002527329810063534 0.9436506287394117
30.033161415 0.3320567726442118 0.0025965095322532357 -0.0018482956263382029 0.9432540175809679
30.066523885 0.3342815614753687 0.025411818591313442 -0.01012335377226029 0.942076214985748
30.106499966 0.3382845206792486 0.044224933480299655 -0.0165699225687323 0.9398580616207644
30.139866396 0.3401183879702809 0.05720737205044044 -0.021252432746559503 0.9384003052268968
30.179989005 0.34256937750165134 0.06619532394759138 -0.02430110224744672 0.9368424932266702
30.219842067 0.344623430236308 0.059878104556614964 -0.022311130314846956 0.9365636750327987
30.253276402 0.34522447628295433 0.05522026732492536 -0.02065964087518999 0.9366664092891513
30.286641332 0.3451187515838374 0.04860151789103361 -0.018292598243356377 0.9371212945042965
30.326675126 0.3438457407107739 0.04832093668524092 -0.01830201934721479 0.9376034501646922
30.366667361 0.3429318533799306 0.03413163782197401 -0.013270694643356435 0.9386461867501932
30.400078661 0.34099087160867003 0.009880972929028852 -0.004427041687738833 0.9400042516688052
30.439933789 0.3337466350949278 -0.04479772856893368 0.015465943953540087 0.9414707386082178
30.473359852 0.327502001625859 -0.04822546446444369 0.01554501461772024 0.9434909093514253
30.506713728 0.32742515100044156 -0.05396348614326533 0.017189703551363827 0.9431782582033048
30.540067363 0.32762673246303753 -0.0692522807086646 0.022457088218536425 0.9419981555082719
30.580183256 0.3211706030541114 -0.13150514868757188 0.04340804157037819 0.936841278728442
30.620118924 0.3156623157618935 -0.15152403620692897 0.048945734663551704 0.935415460593658
30.653556381 0.31251469315972596 -0.17233735877100592 0.055033408585554396 0.9325265279178772
30.693612598 0.30707801890832764 -0.201591008905681 0.06279686470201684 0.9279658987351438
30.733401342 0.3070144936742045 -0.2180656699052845 0.06916985484325372 0.9237992181549487
30.766763122 0.307516455225731 -0.2285795236638387 0.07338757315311484 0.9207601724845129
30.800130476 0.30685308901421826 -0.2363146033564864 0.07590469062529547 0.9188226531512906
30.833570583 0.31304294798738397 -0.18654854721808672 0.059324835261395314 0.9293461767110238
30.873680288 0.3179267616358679 -0.1587133597722939 0.051604343820103114 0.9333111139188353
30.913521915 0.31398354851894233 -0.15394153937504743 0.04853342238545297 0.9356072042400321
31.080372626 0.31321944996563716 -0.1506093523781129 0.047502949787253404 0.9364581511744019
31.113758022 0.3088298470777448 -0.0974729465717457 0.028097697739777907 0.9456921643020432
31.15368512 0.28208488208503557 -0.085771531000141 0.022564467961138535 0.9552812196178643
31.18702301 0.2616628145118343 -0.08315458740030784 0.01818988565662334 0.9613984679391939
31.220453011 0.247896361568307 -0.06999324306994446 0.014566461258688601 0.9661449984614866
31.260330085 0.23110617691853164 -0.07257634513517928 0.013824733687868419 0.9701193152676527
31.293733821 0.2202888951997949 -0.06696486874124245 0.012200800488341431 0.973056858294296
31.327167668 0.2112520306738455 -0.06458384143320492 0.011464277138012064 0.9752282180657049
31.36052945 0.19972929183072463 -0.058442444889792354 0.009600770030694117 0.9780595666087617
31.393946942 0.195298987116921 -0.06071821612280596 0.008800591361365616 0.9788228406885789
31.427284711 0.1884055201932333 -0.056530448392185614 0.007963294597824626 0.9804306473710642
31.467105136 0.1809636017918513 -0.058018052413492005 0.0074003701882794995 0.9817491099775655
31.507183596 0.17685620474810448 -0.05806968583402605 0.007400621854908224 0.9824942876299052
31.547212613 0.16466045534051527 -0.059204781976887055 0.006700193527206321 0.9845490519241901
57.646185138 0.3648277315793616 0.0025002234819031127 -0.001300098824158909 0.9310707733014958
57.679691503 0.35939410032381164 0.003681914957301948 -0.002094031130928149 0.9331762637295851
57.71305164 0.3601129890279416 -0.03938227313049235 0.014928919849971368 0.9319575092505827
57.753067919 0.36876978940305033 -0.07447976382732267 0.028640860117576963 0.926089255058918
57.793093463 0.3755303499851984 -0.06476356468277647 0.025402052968372942 0.924195527274703
57.833076037 0.37505547533571193 -0.0693647513044173 0.027802568360908445 0.9239853564260185
57.872958251 0.371648935723233 -0.0685273769739429 0.02712443229489106 0.9254433166615551
57.906291651 0.3698817896467579 -0.06704118431847518 0.026201377701737485 0.926286364522019
57.946298377 0.36883775196533913 -0.06956436196205014 0.026960001241541888 0.9264948303164049
57.979743529 0.36771210408958105 -0.06789539441821965 0.02590238061688819 0.9270960525216282
58.01307696 0.3660305216376218 -0.06936753172424923 0.026583477045683517 0.9276330748309578
58.052974633 0.3643509402540849 -0.06872859753131956 0.02640199542584913 0.9283467600282103
58.086505113 0.36332175280535794 -0.06870977841227453 0.02625440421377999 0.928755606469408
58.126570832 0.3621776022579473 -0.06945023327718987 0.026402468538066267 0.9291431316947484
58.166469941 0.3597280954018862 -0.07164803946981183 0.02704955467844082 0.9299089081250711
58.199900426 0.35647340016840284 -0.07736889913395652 0.029023119575736042 0.9306440925237048
58.239864087 0.3514784440798335 -0.08366090281104806 0.03073943108649393 0.9319435841640515
58.273396205 0.34623189094108586 -0.09170006766039057 0.03309975448491024 0.933069655245244
58.313314371 0.3374310922974114 -0.10038541388923851 0.03489764152998602 0.9353315889271071
58.353324331 0.327247779651809 -0.10840353029644155 0.03620402773962069 0.9380015105039321
58.386708159 0.32084967489258137 -0.11230649023244715 0.036469268088100394 0.9397407785438027
58.420110256 0.31312522948248706 -0.11724194944659518 0.037205319884909466 0.9417126313922755
58.459890547 0.2934158767140341 -0.1388722335495908 0.040950048927314096 0.9449575226082564
58.493474575 0.28391013881347704 -0.1474430651071003 0.04211535504946051 0.946510365764577
58.533395611 0.2799214687055404 -0.15989369219174132 0.044500901904946585 0.9455673684538147
58.573331218 0.2763304265699522 -0.1738098073833949 0.047902215360459445 0.9440005423582
58.613252003 0.274635833710138 -0.1851832836280359 0.05059342615452792 0.9421903287218684
58.646809776 0.27439578896301897 -0.19183288427053158 0.05277666438157558 0.9408090769165474
58.68670508 0.2734499045567866 -0.1939459675217642 0.05350264945124146 0.9406102157012908
58.726659999 0.2703606687750818 -0.19308909508172478 0.05220484193570918 0.9417517531804647
58.760194601 0.26848646144490124 -0.18647101365306806 0.04989948326164886 0.9437444689417859
58.800091022 0.2672177509023071 -0.1748348539570433 0.04656774141441302 0.9464982265720799
58.840027909 0.26672276279028617 -0.15613398075798654 0.041341451714856106 0.9501431640717569
58.873411026 0.26730627161015935 -0.1377186299679909 0.03640504803532092 0.9530244533038811
58.913491169 0.267306647262335 -0.11594112896747992 0.0303817542261305 0.9561285269006772
58.953486966 0.26760993558545765 -0.09298748317700264 0.023696524552685096 0.9587370468864119
58.986896014 0.2684987185719504 -0.07613944241148507 0.018971515054979834 0.9600788014798616
59.026930521 0.27147298641603634 -0.0537368583379652 0.013143257657024324 0.9608548394427148
59.066903569 0.2757755204858268 -0.034311853833894984 0.007947104326678526 0.9605765989862931
59.100260082 0.2789962725356336 -0.02058850829599111 0.004222067172057051 0.9600621685006462
59.133635337 0.280729665148298 -0.0076084474944423655 0.0006737538540854326 0.9597564861402046
59.167015679 0.28310252320476503 0.0024970573964317837 -0.00216577863043965 0.9590839564200719
59.206883378 0.28586696886309737 0.01334532404459 -0.005048480852492831 0.9581630817769238
59.240381069 0.2874075173807805 0.022003848343924756 -0.007651018322476242 0.9575250448576805
59.280263498 0.2883515447825343 0.025640446260136892 -0.008839736495476532 0.9571404354616921
59.31368658 0.2890182194808034 0.02821762825440461 -0.009516449346823212 0.9568603197205283
59.347298376 0.2889153881977819 0.026502940620754204 -0.009000426936712078 0.9569453928599765
59.387020221 0.28713766647345373 0.023147914945962314 -0.008216010472606861 0.9575743478695261
59.420461592 0.28566612440829653 0.017049436942301356 -0.006449856983485678 0.9581558231365015
59.460346171 0.2847212276456365 0.007801813220703021 -0.0037008916980609337 0.9585714671525907
59.493884887 0.28489390344878146 0.0004908958586388112 -0.001553619322662375 0.958557671225875
59.533705066 0.2830206185816189 -0.019982702000005712 0.0040246109056272066 0.9588971913534396
59.567245962 0.28142431079927405 -0.03430018739554989 0.008371431959058652 0.9589336648396168
59.60708867 0.280308255851015 -0.049880761174041555 0.01276013983733152 0.9585282312993145
59.640467299 0.2787649308114513 -0.06437196433450137 0.016457017644675297 0.958058208110367
59.673882936 0.2771935994115264 -0.07916682342006238 0.020737205304306502 0.9573224591698588
59.713885138 0.2746909690270775 -0.09632564400615011 0.02518388503298312 0.9563639546618281
59.753815901 0.2741171465659534 -0.11080133999916107 0.029125424141915345 0.9548479264686516
59.787474612 0.27420963270161186 -0.12284048621704814 0.03281320968003316 0.9532274574046325
59.827247797 0.2746074941695586 -0.13359023495548616 0.0361976740755462 0.951543010936434
59.860695477 0.2750936394584554 -0.1406197928985947 0.03807247857911732 0.9503157631805864
59.90054314 0.2747201705490309 -0.14527095340460258 0.03940289304562001 0.9496697268050954
59.934049841 0.2750193586155686 -0.148949280473019 0.040502850996111006 0.9489667977829562
59.973959253 0.27412126356538025 -0.15448185688784744 0.042073137352098666 0.9482735575070906
60.007318902 0.2740216010757454 -0.15461521604839573 0.042205345545121356 0.9482747523358459
60.047302748 0.27431062504513654 -0.1480072023983457 0.040102043145115986 0.949336281388818
60.087423516 0.27462680180856897 -0.13146965567843455 0.034409525993149566 0.9518990670680993
60.120785661 0.27542878501884666 -0.13352188907119297 0.03580374184340854 0.9513301117866041
60.154181941 0.2742236561334814 -0.13677340081460995 0.0367031662293901 0.9511820545169732
60.1940437 0.2750566903523599 -0.10277152530977768 0.026483886164914996 0.9555524237065759
60.227515539 0.27754067726615284 -0.062063430532637034 0.015683429985613236 0.9585788090068819
60.267432144 0.2774233745832361 -0.0598201423342465 0.014705573070768592 0.9587708630984884
60.307483302 0.2770237550885866 -0.04626981951180268 0.01089239699100195 0.9596865626894827
60.347437713 0.27681844922520893 -0.029758710987930707 0.006486096043002889 0.9604394285154105
60.381027699 0.277412988347121 -0.019566489315750134 0.0035415591196058336 0.960544972268961
60.420908029 0.2785889332634186 0.01006048009946837 -0.005028237337328633 0.9603445786969375
60.46097436 0.28091585121888696 0.017085858088799973 -0.007085293787664801 0.9595541446939199
60.50093872 0.2822986613948781 0.021347961278119 -0.007982704177122624 0.9590557891791012
60.534317552 0.28345973360606685 0.02364509443060165 -0.008600484591643576 0.9586540150638991
60.567686078 0.28392580334411344 0.024721410965704366 -0.008800799821867556 0.9584871078724847
60.601134895 0.28369488034782964 0.026191995964036263 -0.009400105294010322 0.9585107366286056
60.64098427 0.2845070080118677 0.02567377340725567 -0.00941870582720424 0.958283834639669
60.681035995 0.2852300783730423 0.012649299246872954 -0.005412466437362554 0.9583603199355323
60.721056573 0.28443123442982315 0.007414061375186405 -0.004000247986348545 0.9586594299284287
60.760950423 0.2845019932975103 -0.0008613114356811632 -0.001579706486831008 0.9586737601915314
60.794346753 0.2848613354630318 -0.024229759872585188 0.005311685742634968 0.9582477363862157
60.827683646 0.284014202386103 -0.032295726940009144 0.007338011729121775 0.9582479180505772
60.861059918 0.2845095607832369 -0.045307837181211605 0.01156023760536584 0.9575321773284687
60.894418265 0.2844159262635979 -0.06201152709322005 0.016353332129045144 0.9565535635412497
60.927853232 0.28329829541775264 -0.07787573172405092 0.020758259805666403 0.9556393361889619
60.967822384 0.28230882822833464 -0.09547560242921625 0.026050133702126322 0.954205179916366
61.007852874 0.28180987820301423 -0.10726356102589757 0.029254292491293066 0.9530067719560443
61.047793891 0.28092241133537277 -0.12055656628538143 0.033044621526746 0.9515549201823047
61.081297135 0.28131808585239404 -0.13162044158457847 0.03630638562412605 0.9498515885612542
61.121126465 0.2827108332999337 -0.14174546260265558 0.03957752898837435 0.9478483147453451
61.154576236 0.283791753554629 -0.14830510399666721 0.0416675929157472 0.9464310056435885
61.194722847 0.2854004613278448 -0.15143880308621713 0.04312906788465369 0.9453849740169706
61.234615585 0.2865944179029341 -0.15324757293495053 0.04403714683332024 0.9446901876886443
61.268036279 0.2866302970700691 -0.15064630796320014 0.04337631566709277 0.9451281701111915
61.307955206 0.2860798252793477 -0.14874561154348634 0.04223665641173193 0.9456474720898108
61.341304937 0.28563435663316866 -0.14678701439683384 0.0414955630347826 0.9461208722798826
61.374700703 0.28531184809918114 -0.12376644738366559 0.03455950353679075 0.9497813730283127
61.408128753 0.285867897914429 -0.11584382382246575 0.03246127675785646 0.9506871298883902
61.441511647 0.28593200766477295 -0.10514477186184161 0.02907645558108238 0.9520199702074295
61.481396216 0.28582490808609917 -0.0905523414362669 0.024889725185378877 0.9536691758456803
61.514803789 0.2871992313567452 -0.07691973477045909 0.020965768695799105 0.9545472185564899
61.554684279 0.28852221790137245 -0.05970025097906658 0.016157145254836726 0.9554735770640252
61.588075195 0.28921573339151685 -0.05026073817264798 0.013231578080056611 0.9558519985325442
61.621566899 0.28902458829576755 -0.03861862231306294 0.00967663376576401 0.956493466851743
61.661394915 0.28920964147309014 -0.028077574915538837 0.006492429401688862 0.9568318982069594
61.694815738 0.28931478822671375 -0.022769474428963054 0.005223037165444572 0.9569489141173259
61.734797182 0.2886196224288099 -0.018122548407617643 0.0037215693259306628 0.9572650817354705
61.774938242 0.2877273086742173 -0.020184227380927657 0.004100389174710778 0.9574908770409997
61.814938254 0.28860733071930167 -0.020200513099549178 0.004400111764258237 0.95722431380636
61.84847218 0.28875919295377667 -0.02466856135980777 0.0056226707181293 0.9570673832803606
61.888382085 0.2868986877286922 -0.035891258963021734 0.008758331470854126 0.9572482708991699
61.928269187 0.2848074621127248 -0.04726902322872832 0.01215780260011114 0.9573413898938286
61.968318182 0.28381385518873375 -0.057337360004308904 0.014956490296768757 0.9570467209852649
62.008424942 0.2834565449505991 -0.07891109639227538 0.021222548942302456 0.9554972681317461
62.041827025 0.2827147524815781 -0.09533837404096494 0.026079160563548875 0.9540979197906292
62.081712008 0.2835224224197247 -0.11310352924741736 0.03136085550925628 0.9517558113291231
62.121640667 0.28516155946180044 -0.13185773876604248 0.03695805643671476 0.9486466801698306
62.161637419 0.2885637616404501 -0.14642537987815493 0.0419411640547271 0.9452679526743653
62.195031152 0.2918918358347289 -0.15595855502800993 0.04568280976347906 0.9425439863362987
62.228512856 0.2947915046390717 -0.16447734235562703 0.049135778232572196 0.9400164083364405
62.268405621 0.2973761095573238 -0.17183142899332057 0.05231330381434036 0.9377124973672327
62.308522313 0.29812810348935065 -0.18173747143537178 0.05543336138117255 0.9354241112095116
62.341934684 0.29801463716053067 -0.18514483088932002 0.056202760430945714 0.9347459105837181
62.381822543 0.2979245286258951 -0.18514487503268026 0.05616388755648625 0.9347769617543609
62.421928382 0.2995523883022208 -0.18661466857341408 0.056872414930442684 0.9339212282391112
62.461770589 0.3007365446583887 -0.18039157304908446 0.05517915728209339 0.9348645204955892
62.495282167 0.30022041504782776 -0.16600290707915755 0.049898563917465326 0.9379876707871769
62.535280767 0.2978254459637583 -0.1628123460742277 0.048302961138273384 0.9393928718313593
62.575271511 0.2927147726873752 -0.15690826899251742 0.045402425878007635 0.9421446155961101
62.608663599 0.286404822110078 -0.1521919670442699 0.04302991809568021 0.9449647131972545
62.648664754 0.2792963135003527 -0.14883539420674555 0.040629007611222547 0.9477293276231155
62.688583807 0.27650900443530846 -0.14507150809035033 0.03900127006501638 0.949197518401677
62.722013011 0.2757161863938473 -0.1437084366514177 0.03850226034154197 0.9496557511773573
62.76204976 0.27562033538357833 -0.14227281164287617 0.03830282599851614 0.9499077698970579
62.801974933 0.275125992387055 -0.14077764179702965 0.03790358092137181 0.9502897781395117
62.835410443 0.2737120039082373 -0.14101231850801518 0.037403267462409705 0.9506830494590017
62.875370115 0.27308301603726287 -0.13395448039718916 0.035370276453400545 0.9519615575626577
62.915414692 0.2658904368289764 -0.12701364460125542 0.03250157604817458 0.9550463115694375
62.948840307 0.26166074146074464 -0.12881301053463154 0.03180321222827083 0.9559965587737133
62.98220057 0.2612686416605179 -0.1278545635588067 0.03105491294941914 0.9562570260362844
63.022028478 0.26644026275902405 -0.12811085776695608 0.03264199356153755 0.9547416900709038
63.055412647 0.26884135554383154 -0.1278137534498672 0.03280352983689863 0.9541026665976002
63.095569362 0.27101884188485453 -0.12780888558259929 0.03340232221016288 0.9534662872805177
63.135472554 0.2700953628187982 -0.12709006175872004 0.03308657714580149 0.9538353577000181
63.175458795 0.26795909854581584 -0.129350491791601 0.03340080623526233 0.9541230308102929
63.208911137 0.26435129431231846 -0.13191133229816376 0.03330286099718616 0.954782023844253
63.248792856 0.2628103336504036 -0.13040512750385322 0.03262339091024838 0.9554375676164218
63.282240414 0.26311020327320933 -0.13050506091658615 0.03275020240941291 0.9553370474606495
63.315635148 0.26339183339590566 -0.13045815523136886 0.03287699510500992 0.9552614903924668
63.355570487 0.26351772633217535 -0.13035070600370108 0.03282317673298574 0.9552432886035959
63.389101183 0.25931271446282833 -0.14020103785137325 0.03480109946876105 0.954929038504476
63.428970599 0.2551229596991654 -0.1395125553823347 0.03401113070096952 0.9561860516204315
63.46898607 0.2560003571369712 -0.13890487248862282 0.0341925765899839 0.956033535630838
63.502432967 0.2572087388153544 -0.13940473635637793 0.034301165401892125 0.9556324681646682
63.536008704 0.2577122609524792 -0.13840658484991508 0.03420162718112064 0.9556454659145871
63.575632014 0.25821791987023207 -0.1386262079074321 0.03450239440558873 0.9554663076840424
63.60921073 0.25822738085573405 -0.13841467664769014 0.03420362674386562 0.955505159055915
63.649086326 0.25810946063986767 -0.13840429321403241 0.03430125726442255 0.9555350237946283
63.682468557 0.2581284147957332 -0.1385494421287691 0.034403787171535145 0.9555051820838569
63.715828042 0.2580193803659286 -0.13833647818762831 0.034228658435329226 0.9555717749598635
63.755707572 0.2578230534211806 -0.13858943437308835 0.034303067231755226 0.9555854443131813
63.789079711 0.2569187840801675 -0.14606903584460204 0.036091826850644285 0.9546486029889636
63.822464671 0.24362501333806216 -0.17087707394123441 0.040672210528031806 0.953831038375285
63.855833243 0.23758004409366493 -0.16754055393694606 0.03816990524571669 0.9560486095217577
63.895896852 0.23794496569337004 -0.17022896998692733 0.03940256580395416 0.9554327443030388
63.929355883 0.23881305941020078 -0.17830975080753264 0.04149134794591114 0.9536521501405671
63.9692235 0.23912270819126671 -0.17639606135460537 0.040795027248123984 0.9539604424281342
64.009199932 0.2403130344044474 -0.1769099918860005 0.04130198195602294 0.9535442551621433
64.042571409 0.2409098335335081 -0.17726412159570387 0.041701702193222445 0.9533104695407204
64.082558493 0.24111473617741602 -0.1762107694502725 0.04160254261709045 0.9534582723830295
64.115950647 0.24021800141042882 -0.1773132874690634 0.041803132635120414 0.9534714510603781
64.155900702 0.24082688018823045 -0.1763196801378116 0.04170465491631732 0.9535064267917729
64.18924529 0.2409076773069191 -0.1766128860660676 0.041901335322374056 0.9534231262079821
64.222754713 0.2404164794523016 -0.1765327440663529 0.041823510363253796 0.9535653625531181
64.262702332 0.24062498750884803 -0.17609446986537078 0.0417043307527804 0.9535990257260457
64.30275806 0.24092503341152474 -0.17671836199176597 0.041904354088596454 0.9533990633092841
64.342809314 0.24083320204607145 -0.1759146992861333 0.04170348470853757 0.953579680325913
64.382700693 0.2405170352223008 -0.17641249485743807 0.04170295371629915 0.9535675388127394
64.416184431 0.24056521230446204 -0.17590893625023213 0.04170211848570028 0.9536484457545273
64.456125522 0.24061449264735138 -0.17631061950842913 0.041802517841476663 0.9535574344939715
64.496032895 0.24062297337195407 -0.17611681467498388 0.04180399121757141 0.9535910436831182
64.529717853 0.24070870538774838 -0.1763063762353969 0.041801511779010724 0.9535344851982471
64.569622489 0.24071819416869888 -0.17611331114710377 0.041703152043351656 0.9535720737010984
64.609475668 0.24070890132552572 -0.17630651974943992 0.04178206820719111 0.9535352613788483
64.643018115 0.240713953388724 -0.17621021432111827 0.04170241735068463 0.9535552744335203
237.224652599 -0.7398448860850116 0.02880199027778505 0.02600172727781124 0.6716575764989666
237.26459653 -0.7372147911859329 0.029190583961903285 0.025722260357686447 0.6745373427666818
237.304577638 -0.719774213481204 0.024585925767784924 0.021717065753797272 0.6934327529881326
237.338274005 -0.7065618911623412 0.02311168683405692 0.021108277492017914 0.7069586865652762
237.377909861 -0.7029157775106044 0.0202262565466694 0.017676291691649994 0.7107656836010039
237.411334506 -0.7065108557314751 0.01991394273749358 0.019157448950281628 0.707162525709574
237.444759512 -0.7066496268974564 0.021287525981304834 0.020379923502217845 0.7069496479674665
237.484615802 -0.7085189490191697 0.02103443639616331 0.020916670756841563 0.7050680422843719
237.518174235 -0.7032733386680614 0.019396886854743087 0.02049211851203453 0.7103593773421388
237.558096176 -0.7011389792290881 0.022573860527453183 0.025281284609096007 0.7122186527148762
237.591439633 -0.7116380918435294 0.020814186798997172 0.02342727837692802 0.7018469623023575
237.624809877 -0.7142359766518366 0.0244222614330849 0.02459588541984571 0.6990461824680148
237.664758513 -0.6883823330947716 0.02078155641383355 0.023101642546811355 0.7246821403261273
237.698193782 -0.6418943843669256 0.018006441479894 0.02266905587123676 0.7662463580920589
237.731617528 -0.6067771801183071 0.01863711239024718 0.023073335359475672 0.7943184077716052
237.771560356 -0.5912876062541214 0.02099286459940562 0.022800858396953828 0.8058649931486939
237.811430199 -0.6152911676118697 0.029743209425535877 0.027543034522966206 0.787256947763027
237.844900693 -0.6516273881691241 0.02733493544917675 0.02600113227053243 0.757600481396709
237.885046453 -0.6636923427193527 0.026877123905247095 0.027106730051557944 0.747031003113118
237.924951961 -0.6568099397047276 0.02603639084756669 0.026168119409953988 0.7531520689630026
237.965042646 -0.6534747112605533 0.02540290429448739 0.025666812022707472 0.7560864427808057
237.998432626 -0.6509603119699333 0.023112637992068807 0.02398122870212651 0.75838076114508
238.038373687 -0.6518610896148515 0.024282998066971213 0.026792872097090355 0.7574758067792048
238.071807186 -0.6523312880969664 0.023697992628947867 0.02406036089311443 0.7571812165847778
238.111745652 -0.6541333862571794 0.023704463170307794 0.026628799095168607 0.7555385618671443
238.151660619 -0.6551582775796915 0.026902393019224084 0.025929784086878592 0.7545671201860434
238.185055706 -0.6539363742338972 0.027039839756743497 0.028388807721200768 0.7555330178859974
238.224994003 -0.652245341533551 0.02883335334408795 0.02866763586874644 0.7569166525030437
238.258337377 -0.6492631197767772 0.027507326320962183 0.024420982651544156 0.7596738536390019
238.291777781 -0.6463246800306472 0.030203130788683277 0.028002902717984494 0.7619501403065756
238.331816336 -0.6417429834184132 0.02973726885534526 0.02591589327909385 0.7659046967800928
238.371776423 -0.6364593181664243 0.02849356837761892 0.027223983453827823 0.7703028674522419
238.411753748 -0.6290274181709601 0.0316022530027864 0.02614681523754289 0.776300295534697
238.445094107 -0.621693604302577 0.031118363054238585 0.026102653773446564 0.7822067254352133
238.478469514 -0.617013808729699 0.03326661036518229 0.025589466936078956 0.7858323432218917
238.518569694 -0.6131338818246268 0.03307181434644744 0.026436454278204645 0.78884359155646
238.558465278 -0.6292927738169665 0.030655855388338288 0.021713493844222557 0.776259845372176
238.591893193 -0.6378941040430138 0.03199957415778331 0.021558830862241703 0.769156912530034
238.631944176 -0.6271538701270035 0.03323997536894822 0.026351955926561813 0.7777394818581849
238.665330098 -0.5905127439272005 0.03290102473176915 0.023453149952717144 0.8060162353131998
238.70531927 -0.5733654448877479 0.03278302238490831 0.025601998148518296 0.8182431654115963
238.858595665 -0.6130995875387844 0.03594102126302643 0.022020851374104526 0.7888803590248035
238.891960809 -0.5880713019710265 0.03769197803191883 0.02311304540425028 0.8075996816011534
238.925379419 -0.5734855512032803 0.03682319432298265 0.022278843954877052 0.818084364862791
238.965553319 -0.5569114281884976 0.03934392474727085 0.02327021473008288 0.8293130975964054
239.005490219 -0.5481361669675943 0.04184904788369592 0.025048255195668417 0.8349658583229344
239.04536653 -0.5485901390509745 0.040902715418226786 0.023647850247542943 0.8347554171049852
239.078977707 -0.5491597841097845 0.040132500891461004 0.0229317141831777 0.8344381644995109
239.119176823 -0.5473186385746069 0.04160296761048178 0.022751179345660618 0.8355799691191871
239.158778348 -0.5445705381193571 0.04157381085158515 0.022324953055749167 0.837386496030793
239.192218698 -0.550261828806127 0.04060233999774576 0.022601435837753075 0.8336981137340519
239.225675996 -0.5547888547499716 0.039830711121631945 0.020129149871999628 0.8307933909355507
239.259023645 -0.5568821236861582 0.04090318897651194 0.02436319252774728 0.8292259428528524
239.298827899 -0.5666330578628691 0.03909509744202021 0.020062966517381382 0.8227976838005171
239.332263476 -0.5756114966686485 0.040498957890201776 0.02240038010407117 0.816412556422229
239.372266675 -0.5810681018589907 0.034107145619721294 0.01710974908846781 0.8129599129759072
239.405604515 -0.5936616049119721 0.04081131010694034 0.021719302649958704 0.8033857154026927
239.438948668 -0.627638922925641 0.04232908794896426 0.020738562164078395 0.7770762786120272
239.472315909 -0.6432891548836509 0.040580441231301535 0.020878436195524163 0.7642619851206658
239.505813017 -0.6415426694839114 0.040304059466855356 0.021763165689755417 0.7657185844950543
239.54560886 -0.6325430527964304 0.036403340116676834 0.019860130466871854 0.7734142863984094
239.578950703 -0.6249371039304736 0.038236719767479194 0.02133236741719445 0.7794462774898561
239.612357077 -0.6262389018208373 0.038079984561546563 0.021600614098840124 0.7784010316620714
239.64572434 -0.6294433047169053 0.03891086160143383 0.020487595873406907 0.7758010888184054
239.679065633 -0.6327580022048975 0.03972190072611971 0.02002299569503784 0.7730708640815328
239.712583156 -0.635157093496259 0.04406319601429506 0.02342248780517333 0.7707692835105762
239.752536358 -0.636784906242236 0.04345734208913995 0.020565576239353314 0.7695410968067642
239.792381657 -0.639159534914996 0.04638397560371163 0.022496762458775955 0.7673444542142165
239.825895897 -0.6423973545820866 0.04518489070093774 0.023649082539650847 0.7646729270566037
239.865988228 -0.6435476610183528 0.046117123960465585 0.023415442678233086 0.7636565562604728
239.905810086 -0.6479926071669341 0.04708001288789257 0.025347004697747352 0.7597674531041243
239.939230309 -0.6538293515860074 0.04695267676296676 0.02326001572880971 0.7548255406500957
239.972745715 -0.6557733073619862 0.04713364913710568 0.023501531331391216 0.7531184943258411
240.012586389 -0.6582987223720739 0.04786685633500892 0.02444960263871173 0.7508353835020748
240.05252711 -0.6700262578599798 0.04300530392524151 0.017322349472025912 0.7408881790265104
240.085969655 -0.7001708375552325 0.044196381582831165 0.019186952256127054 0.7123477654596175
240.119389433 -0.7210171826308943 0.043655057963665735 0.02040226519295533 0.6912396153579402
240.159243469 -0.7292553754727438 0.04315211551348799 0.022799589687022344 0.682498843208486
240.199351733 -0.7328958141178934 0.03984653537153811 0.020058966915709527 0.6788767318988252
240.239255958 -0.7392580145346286 0.040533371904498364 0.01993244109385431 0.6719057459944888
240.272685278 -0.7440371721386948 0.04237320511099688 0.02124227062326568 0.6664547725864403
240.306045977 -0.7491917310420214 0.040609613752215425 0.017808660763861464 0.6608672037640793
240.346166128 -0.7535554430214993 0.040696543331009145 0.01900139803239348 0.6558482541917708
240.386025549 -0.7563236059040115 0.04090972361520709 0.01872382837338613 0.652648769183797
240.419548684 -0.7572022343054041 0.03799379700621332 0.02113207278048279 0.6517320640047987
240.459425203 -0.7588321903106341 0.03810428629021577 0.01760080560694561 0.6499322902862001
240.492855212 -0.7606906238959252 0.03776501398651325 0.01996377356278154 0.6477075159210062
240.532733447 -0.7616749154204283 0.03730218337940114 0.017870713111560747 0.6466378491453291
240.566139425 -0.7619988154362971 0.03600061610258555 0.019400489625791807 0.646285836078893
240.599512374 -0.7639172030025358 0.0369748529559444 0.016244060771824553 0.6440492975660405
240.63955173 -0.7619946257186881 0.03763024234044501 0.018282317981459534 0.6462305409731581
240.673226409 -0.7627946315747083 0.03747640716029538 0.018868154977860513 0.645278127379886
240.712977483 -0.7874763771384581 0.036703365723037104 0.019842236049353017 0.6149309750387045
240.752841427 -0.7932514643598876 0.03650291347851922 0.019138810554269938 0.6074976193608018
240.786276718 -0.7873101904571339 0.039632257426235176 0.022001393176875588 0.6148885158074824
240.826387453 -0.7807397286608538 0.03861306972099767 0.019150943750093352 0.6233680680711665
240.866407073 -0.7780167852440415 0.04018876600093528 0.01977046881212255 0.6266449341762831
240.90626368 -0.7770544034990937 0.040793166763709254 0.02110658808902222 0.6277554328616332
240.939623332 -0.773756269311581 0.03873000636236827 0.022850093583271003 0.6318853499895617
240.972990291 -0.7705633609395449 0.040243112752171024 0.021782805146814233 0.6357185761431742
241.006524855 -0.7649289126254382 0.0406568845388112 0.024278660844678453 0.6423716393154758
241.046515904 -0.7585653724527895 0.041864354220823456 0.02236362999526692 0.6498660012761625
241.086410399 -0.7590491325849261 0.0423037432165785 0.025020245235346746 0.6491754731660002
241.126376736 -0.7608761501913889 0.04051535304488624 0.02207799609793322 0.6472546271181681
241.159723766 -0.763111740906569 0.042180996459945566 0.024841424643631663 0.6444099146117063
241.193190873 -0.7657056982338764 0.0412532437792336 0.02205006662221007 0.6414879173700928
241.226680258 -0.7800509523526011 0.04082885668824386 0.021754262779086094 0.6240034200597536
241.266542382 -0.7878570149977546 0.04050294899629278 0.02490181308660963 0.6140201419712802
241.306530322 -0.7937301074622842 0.040448216200342994 0.023779360466155745 0.6064577481819666
241.34648746 -0.7953611626425902 0.04038263266062048 0.0270381090412026 0.6041844127405975
241.379869979 -0.7979080359031728 0.04169295130797545 0.025582584389363262 0.6007911412698537
241.419866053 -0.8020346459463255 0.04031729865444801 0.027801714424672327 0.5952663326663196
241.453324024 -0.8021744889231099 0.040203733268556315 0.02767496999175672 0.595091459515404
241.486664985 -0.8021993865822173 0.04015406314749203 0.027802583829647017 0.5950553013899271
241.519999899 -0.8006753898767827 0.040994413663027834 0.027608897116518285 0.5970562175323998
241.553356735 -0.800629081395388 0.04167112845056958 0.02740393024429167 0.5970809121758955
241.593333504 -0.8000552981777835 0.039282366786158714 0.02970205294485021 0.5979014998878972
241.626691213 -0.799600529840944 0.04018235251939279 0.025221509036599372 0.5986553655535093
241.660145009 -0.8006425422975403 0.04079847331279591 0.02910947405960326 0.5970424126966609
241.700003673 -0.8004875900298837 0.04099529348393601 0.026387724774763914 0.5973631157859731
242.720558703 -0.794450343530368 0.021729453520980112 0.03624393879652909 0.6058571278896314
242.760454466 -0.7950640377780425 0.024836050594316345 0.034944504321129055 0.6050084528671501
242.794103122 -0.7819008218387371 0.02060918070083504 0.03545406344966234 0.6220525507251421
242.83403055 -0.7629413999181803 0.028900595538859982 0.04050008098162014 0.6445501681862077
242.873829245 -0.7580740197433834 0.02470217157341355 0.03871078036053453 0.6505498126919601
242.907301163 -0.758829264307354 0.02860248727435542 0.03957688868944677 0.6494564767820422
242.947372815 -0.7623713427443437 0.02649413019336018 0.03832578769088851 0.6454604022133013
242.987461621 -0.7637815838681922 0.02730291638025618 0.03640388850700824 0.6438687752970303
243.027253869 -0.7616177267712572 0.027439704419571852 0.036416624517971244 0.6464203975338854
243.060659886 -0.7604374493482504 0.030908341136354635 0.03497066186737446 0.6477318989253837
243.09401031 -0.7735665648355493 0.033803728624669155 0.0376081341625404 0.6316943136869367
243.127388229 -0.791929356078706 0.031169605853374218 0.03485865020635539 0.6088195341457948
243.16074622 -0.7959355246960755 0.030774438423373705 0.034264996897322 0.6036269414581621
243.194248473 -0.7929810467862657 0.03296087825419788 0.035888063432670286 0.6072945634908344
243.233985182 -0.78504977820596 0.034002198937717595 0.03440189434575279 0.617541258436711
243.267587731 -0.7785228240679044 0.03312143077675334 0.033703783679774224 0.6258348329985337
243.307450961 -0.7743803674115186 0.03242764746757066 0.037178671653781824 0.6307941348977342
243.340870149 -0.7748086221488291 0.028920749638342725 0.03282099712563151 0.6306805621167253
243.374236749 -0.7759793421386333 0.03359608267896157 0.03408935798259871 0.6289398059234736
243.407665296 -0.7772879387144771 0.032521657399209696 0.03450307063968944 0.6273558322399183
243.447583812 -0.7788086853502265 0.03432244926460159 0.03554459571356544 0.6253123881829706
243.487506729 -0.7818954694066684 0.03255672619385175 0.0353467846351223 0.6215546149107273
243.520864347 -0.784278968627682 0.032986754940516415 0.03357024721393656 0.6186205718118247
243.554311235 -0.7868957125355791 0.03698578020564404 0.036168606278630576 0.6149138326428871
243.594197731 -0.7902765231685532 0.035827896450185366 0.03318934555182752 0.6108009873161794
243.627636256 -0.7934598347217816 0.035382648985657204 0.03566265088442944 0.606545739549736
243.661027148 -0.8052147827536443 0.038174259153005104 0.03720337355739193 0.5905825840380581
243.700991524 -0.8291901340181825 0.037995973170304405 0.03515571618560939 0.5565645544671588
243.734370962 -0.83509730954713 0.04003248448780763 0.036922347441520044 0.5473998758058738
243.774402322 -0.8198314283616239 0.03764953561266079 0.032976020427303285 0.5704134672458818
243.814480121 -0.8054633799247986 0.038357166197690716 0.03364830924751279 0.5904449700744229
243.847913394 -0.8028464662978672 0.03550362042066799 0.03260220003156211 0.5942340793350336
243.887739277 -0.8105031136087074 0.04011207707689189 0.03300265080081505 0.5834265584829745
243.92769101 -0.8185163084845994 0.037888173152325906 0.032675454248351755 0.5723004925470424
243.961154419 -0.823418853455404 0.03692683561043423 0.03360259745697052 0.5652332846092247
244.001043379 -0.8268167768205759 0.034092419986228 0.032927749161793134 0.5604707733706146
244.03450406 -0.8301858796962555 0.03593063620207311 0.034086782132382455 0.5552823478366015
244.074515133 -0.8322518736899639 0.03527525947168676 0.03269428096774672 0.5523074857366608
244.114529925 -0.8349697708900148 0.03588213317955448 0.03596343772328037 0.5479457868854224
244.154597694 -0.834974971113073 0.035574076353461645 0.034544866154355945 0.5480492084919919
244.188142254 -0.8341544866192296 0.03522830925146127 0.03421536706050674 0.5493401199049707
244.2278879 -0.8339667080706517 0.037112152092703826 0.03520268466225661 0.5494387945799042
244.261326426 -0.8338501520547195 0.03582483636170743 0.03121369300777566 0.549942006385032
244.294858025 -0.8336788367480741 0.03572444280238121 0.03482435768593056 0.5499914776217899
244.33459512 -0.8333759764707798 0.032271374510706746 0.031734460715658185 0.5508502194169032
244.374535448 -0.8338381907472637 0.03687101017793684 0.034501580212018 0.5496944980829462
244.407988351 -0.8334485181807082 0.03500440691503399 0.030701787266795948 0.5506320543680081
244.441348514 -0.8343814765829702 0.03518358394791308 0.03570219247145967 0.5489034709386829
244.474893758 -0.8336025385320821 0.0354563778747961 0.03449439015292214 0.5501452445207959
244.514606905 -0.8334164674511001 0.03513605823197383 0.033270832259868106 0.5505229340490589
261.742808571 -0.492390337246879 0.02761474303904702 0.02918992189195911 0.8694464504572628
261.776378882 -0.48682071379739567 0.029633345065584637 0.031439369275732446 0.8724328189250805
261.816359221 -0.46278316432593464 0.042966379369456555 0.039929856322520406 0.8845288235181586
261.856255245 -0.4364826657557189 0.039018122632218266 0.03889695019679967 0.8980242178618716
261.889617012 -0.40534723562500025 0.05057737482168146 0.040945473304809334 0.9118437453550706
261.92301596 -0.4110476949285202 0.05790648721927345 0.04770811563288436 0.9085210877765215
261.963055751 -0.4528477920897629 0.053507990588702134 0.04520407847818043 0.888832022055644
262.00313968 -0.4702518066407381 0.06310344281097734 0.05529647924120107 0.8785348560188441
262.036483884 -0.4761414437583875 0.060736790013897105 0.05157378623604043 0.8757513987700879
262.076405694 -0.4812953535919647 0.06598484871490432 0.05747814962520306 0.8721794796178821
262.109740578 -0.4876601820802172 0.0667707860672644 0.058342405950877044 0.8685190686503734
262.143299317 -0.4919022542838608 0.07434590779148013 0.0632902792169759 0.8651584818874252
262.183013211 -0.4984287966872071 0.07269072338000834 0.06320437753256815 0.8615625340206912
262.216442071 -0.5067808238927949 0.08285415137576507 0.0707274172226619 0.8551643225645895
262.256639628 -0.5185293751509472 0.0817992261845819 0.07073329780268191 0.8481939485065483
262.29649362 -0.5277778670740825 0.0909772739298654 0.0791509258262726 0.8407786805074605
262.329980071 -0.5379426006928065 0.09243346559147012 0.08101851306186507 0.8339723096961043
262.369948234 -0.5494691869768229 0.0989374779731067 0.08267584488145745 0.8255057193554068
262.409808927 -0.5576234483276423 0.1040292906370292 0.08986680595659953 0.8186317571117704
262.449800633 -0.5633853831281898 0.10419232251821237 0.0906687360471637 0.8145674007160939
262.489861551 -0.5671783877908197 0.10166763029185129 0.090148851798643 0.8123087798942176
262.529911177 -0.5756197916112045 0.10696082555957338 0.09720520317847695 0.8048430814612989
262.56997375 -0.5687882709979508 0.09596812028204671 0.08556701867675583 0.8123720256012412
262.609853522 -0.5615109406583646 0.08894432496118791 0.08335492231888024 0.8184414013864222
262.643276813 -0.5621995622183242 0.09236672514071978 0.08203435753785487 0.8177226941400458
262.68331509 -0.5652046223756785 0.09149095540931225 0.0792894395324198 0.8160185811010021
262.716713959 -0.5792666486301181 0.07541814343364919 0.07346740403770038 0.8083098378529203
262.756684576 -0.6327026201780289 0.07314176725312356 0.07318043642833083 0.7674518226098013
262.796721622 -0.6867117743077357 0.07253510126562135 0.07413523648881502 0.7194925745428198
262.836624835 -0.7026505013220113 0.07255152169512319 0.07050692745189623 0.7043062706471819
262.869991225 -0.6961192155330221 0.07078602036596023 0.07135737268391958 0.7108554722656977
262.903445924 -0.6896244783031741 0.06977794592203947 0.0636563069737576 0.7179811917943524
262.936843485 -0.6974285771125298 0.06741535042046969 0.061791339797198495 0.7107955969760537
262.976781499 -0.7175640009150057 0.07108412266598935 0.05977200750756993 0.6902725977569812
263.01015257 -0.7339481096858896 0.0708928757550175 0.05636305072004498 0.6731400886659645
263.050089341 -0.7488010480670951 0.07039084133393367 0.04925384282377272 0.6572033009936971
263.083433029 -0.7650276565384505 0.06608428793880212 0.046159723792380945 0.6389325719653987
263.123580477 -0.759769112365214 0.07120439637288271 0.051619252283097564 0.6442175739815563
263.163652675 -0.7395908309264311 0.08969193491507335 0.03875318628266474 0.6659271357841506
263.203570002 -0.7138426882345714 0.08041083482311241 0.03470125541199424 0.6948082735330102
263.243520895 -0.6905059060909539 0.0680043831659756 0.033929833028546276 0.719323129027825
263.276978085 -0.6735392545108225 0.07094116690038248 0.05053340002649777 0.7340017704022106
263.310351264 -0.6535198118300644 0.08169482521562137 0.048827371442678846 0.7509019236069282
263.350348329 -0.6285031016449124 0.06540252568789343 0.033638237266481574 0.7743221744532267
263.390215901 -0.597597759975782 0.08041849222986115 0.045151379258440816 0.7964741906241932
263.423631479 -0.5855794838506132 0.06666940243972289 0.03496655077367687 0.8071116398606649
263.463657246 -0.5845601318882496 0.07226772360141404 0.034338932523008195 0.8073956069024912
263.497184693 -0.589325291486152 0.06999637263091353 0.035476477527406215 0.8040756358549386
263.537050353 -0.5931609242298242 0.07129197916553609 0.03660375961357539 0.8010853490456764
263.577229306 -0.590704120917637 0.0705189697772078 0.036731944054572675 0.8029610704875143
263.617137181 -0.5877951213932916 0.06688175186599517 0.03978050132459503 0.8052584915714612
263.650505531 -0.5885396442081441 0.06680449997128976 0.03910127750133417 0.80475420848648
263.690427283 -0.5860902186568708 0.06565280929277087 0.040128839421852636 0.8065839326898123
263.730486075 -0.5916245608673145 0.06052850817983245 0.03809646185305764 0.8030350791032479
263.764034955 -0.5954060180692134 0.06401254344918918 0.04038745934692126 0.7998518119349546
263.803941131 -0.6009381353312887 0.06158764547490287 0.038086154078189126 0.7960086458682116
263.843968779 -0.601188718705783 0.06170522943653155 0.03720362711233978 0.7958520461057882
263.883795881 -0.6041257681638235 0.06243057055249998 0.03910166782851432 0.793476867762374
263.917149503 -0.6057301358239046 0.0590029354690612 0.03650181601052091 0.7926394347928458
263.950528031 -0.6080634013365945 0.06048437618307217 0.03908286242362899 0.7906156272535295
263.98395776 -0.6115813643241973 0.0615029372596799 0.03869753532337942 0.7878376255800946
264.02402125 -0.6096917676270661 0.06497343686839953 0.04135971642311708 0.7888876820224101
264.057500051 -0.6052202428728259 0.06308817907674807 0.03760298037333147 0.7926628256357054
264.097336955 -0.5926158386131634 0.06392423657699592 0.04070258960181896 0.80191237613755
264.137350425 -0.5713310415499188 0.06501045153289282 0.03998309797578019 0.8171632848025134
264.177556814 -0.5624531659050787 0.06614190727716705 0.0404084276423265 0.8231882185992262
264.217318908 -0.5494980844410502 0.06670474225761372 0.03930034106594068 0.8319001236615261
264.250654226 -0.5335587415490124 0.06444960489227361 0.040048110162840045 0.8423523411365634
264.284025954 -0.5079092288151696 0.06365611557014426 0.035546367802650525 0.8583196199382481
264.317373401 -0.48606852198966877 0.0629840680658517 0.03542041845945029 0.8709281216362305
264.350790037 -0.4737681769746858 0.06021818663254122 0.030406992407089835 0.8780620133552792
264.390799451 -0.46115125378317784 0.059743582610039564 0.029793664094503413 0.8848065116458765
264.424157809 -0.45145793664761047 0.056941380067110955 0.026838732954425747 0.8900691507334337
264.464123518 -0.4375945786764074 0.05598087255134386 0.02476207947184981 0.8970863760205243
264.497628602 -0.4232633740128462 0.0557021561900418 0.02447444228530421 0.9039614967961107
264.537516814 -0.40976446304231784 0.051697068436898794 0.020471949480633984 0.9104951384972542
264.570953282 -0.394404762834615 0.05649619527227564 0.022199131234126868 0.9169298018635768
347.143468116 0.4730519346282629 -0.06221664456394384 -0.021076123747344584 -0.8785822404826131
347.18332169 0.4648592034940948 -0.06187319382945125 -0.013535347229064071 -0.8831163135100425
347.216678041 0.44476200771752367 -0.0750702575895775 -0.02079571159351462 -0.8922548690233253
347.250059703 0.4365460120904825 -0.04296919106067979 -0.015423656303356275 -0.8985228649142565
347.28996064 0.43028404268218046 -0.06387543895312994 -0.04280942086964046 -0.899412544051077
347.323446715 0.44809170396511877 -0.04104020887525186 -0.05126545982605537 -0.8915724192245604
347.356899921 0.48925795075881234 -0.04803711142677635 -0.059733227690227084 -0.8687640848094301
347.396893155 0.5239674490283242 -0.03998553782005044 -0.053927633452822386 -0.84908838142691
347.43697453 0.5315155721034144 -0.021464538394438206 -0.058758469653814725 -0.8447354097272327
347.470330691 0.5037041385344577 -0.030576215470486272 -0.06966944538685836 -0.8605192643109448
347.510236723 0.4545578437293535 -0.029488655136588736 -0.0791907512372356 -0.8866997298075816
347.543585399 0.43450533757488047 -0.034308086723568595 -0.08974978294096142 -0.8955294764921797
347.583513418 0.393449902051833 -0.014749737676544522 -0.08293897946586651 -0.9154784243765862
347.616963521 0.38354208486947444 -0.02777757660563286 -0.077284434012173 -0.919864659409912
347.65041836 0.38698802213408134 -0.03715615252394913 -0.08295334299492432 -0.9175938284122966
347.690161084 0.3983786712713217 -0.007501916893747665 -0.07418855541829539 -0.9141849997478422
347.723539363 0.40259613132462235 -0.021110313238303816 -0.07665253807862202 -0.9119183615453379
347.756932275 0.40113316061560916 -0.013092739112825628 -0.07180545208523943 -0.9131071923317052
347.796937718 0.3819278328053421 -0.022587278562296493 -0.060477766673134876 -0.9219345883054795
349.31776045 0.40910432265814306 0.01678086795843859 -0.005840281520681834 -0.9123146095315708
349.357902582 0.40562481581795595 0.02008156672452735 -0.004100331383478491 -0.9138098416810159
349.3977756 0.37812767583828616 0.020411226141690005 -0.002022521124874527 -0.9255262027737672
349.431331935 0.3660248648532596 0.01859780583343839 -0.004765823635339921 -0.930407011394697
349.470994107 0.3639449660241751 0.01633510706619165 -0.004409753837888614 -0.9312667609519237
349.504374961 0.36648487325138274 0.008994882729107818 -0.006562673605771192 -0.9303573835240689
349.537824176 0.36488204611016994 0.00864716930228317 -0.007275381984313243 -0.9309851705083685
349.577759027 0.3635893202800476 0.004373257049036545 -0.008436823042478997 -0.9315108699408859
349.61780063 0.3554795000826525 0.005240242412714433 -0.005117332223630488 -0.9346553791592689
349.657798937 0.3473621577382386 0.0036648960411413793 -0.005554370365892558 -0.9377074431176715
349.691153707 0.34494037906991837 0.004945084104685389 -0.002184370522349425 -0.9386090291253968
